
E40cond = 94.736273
E40condE = 1.3112669

E00cond = 71.699615
E00condE = 2*1.316145
